54.3264912 10.1580711 20 400
54.3273506 10.1581850 130 370 
54.3281230 10.1584128 242 338 
54.3294182 10.1596531 418 298 
54.3304102 10.1614742 588 275 
54.3308971 10.1625665 752 265 
54.3313884 10.1635546 1143 242
54.3314979 10.1638009 1287 239
54.3316065 10.1640499 1505 245
54.3316703 10.1642009 1706 244
54.3317730 10.1644366 1984 269
54.3318829 10.1646820 2300 300
54.3319493 10.1648291 2555 326
54.3320636 10.1650706 2830 360
54.3321581 10.1652589 3030 380
54.3322790 10.1654876 3233 408
54.3325546 10.1659715 3494 434
54.3332200 10.1666548 3600 414
54.3339302 10.1667300 3495 354
54.3340725 10.1666957 3467 347
54.3348122 10.1664244 3350 297
54.3351346 10.1661661 3280 273
54.3354236 10.1658174 3218 254
54.3361919 10.1657114 3214 243
54.3365306 10.1659324 3243 248
54.3368881 10.1660963 3260 250
54.3392585 10.1657039 3186 220
54.3405376 10.1635043 2997 169
54.3287083 10.1566086 472 264
54.3295456 10.1580680 570 245
54.3301905 10.1592138 1150 150
54.3320900 10.1625630 1646 115
54.3325112 10.1632852 2117 123
54.3327221 10.1636471 2364 143
54.3329486 10.1640366 2592 169
54.3331620 10.1643994 2776 196
54.3334363 10.1646851 2904 211
54.3339974 10.1649902 3031 225
54.3346045 10.1649307 3026 212
54.3380812 10.1652340 3137 211
54.3386967 10.1633035 2937 160
54.3379078 10.1621326 2783 130
54.3369829 10.1611726 2600 98 
54.3364083 10.1601971 2427 74 
54.3358616 10.1595699 2287 60 
54.3349030 10.1585507 2010 44 
54.3345331 10.1582008 1905 43 
54.3339679 10.1576051 1733 45 
54.3331367 10.1566924 1495 62 
54.3322886 10.1559530 1264 87 
54.3316198 10.1553655 1114 109
54.3300659 10.1575539 720 200 
54.3308740 10.1641299 402 477 
54.3310206 10.1643683 518 507 
54.3314801 10.1649772 1880 590
54.3319879 10.1654519 3200 477
54.3325714 10.1662067 3622 474
54.3330737 10.1670946 2815 490
54.3336876 10.1681911 3926 500
54.3345876 10.1680202 3682 407
54.3263807 10.1581015 9 409 
54.3268419 10.1580726 69 389
54.3272242 10.1581526 119 374
54.3275491 10.1582344 160 362
54.3277673 10.1583117 192 353
54.3281318 10.1584162 245 339
54.3284096 10.1585516 286 326
54.3287388 10.1588048 333 315
54.3290979 10.1591962 377 304
54.3294115 10.1596428 416 298
54.3296419 10.1600101 450 291
54.3299517 10.1604656 505 283
54.3301530 10.1608132 540 276
54.3303523 10.1613182 571 277
54.3306500 10.1620160 646 272
54.3306910 10.1621176 659 271
54.3307333 10.1622176 674 269
54.3307777 10.1623149 692 270
54.3308232 10.1624107 717 269
54.3308686 10.1625069 738 268
54.3309145 10.1626020 757 265
54.3309617 10.1626953 780 263
54.3310041 10.1627754 818 260
54.3310595 10.1628774 848 256
54.3311025 10.1629570 880 260
54.3311330 10.1630141 900 253
54.3311570 10.1630604 917 255
54.3312498 10.1632499 995 250
54.3312892 10.1633343 1048 245
54.3313336 10.1634318 1080 248
54.3313830 10.1635423 1145 244
54.3314212 10.1636284 1200 241
54.3314651 10.1637268 1269 246
54.3314869 10.1637762 1301 240
54.3315089 10.1638256 1351 242
54.3315528 10.1639246 1401 245
54.3315528 10.1639246 1422 249
54.3316011 10.1640374 1527 249
54.3316436 10.1641382 1614 253
54.3316863 10.1642385 1740 260
54.3317292 10.1643380 1864 270
54.3317675 10.1644244 1975 275
54.3318116 10.1645224 2112 284
54.3318610 10.1646328 2263 301
54.3318994 10.1647188 2400 310
54.3319493 10.1648291 2543 335
54.3319889 10.1649140 2680 244
54.3320231 10.1649867 2766 354
54.3320811 10.1651062 2920 367
54.3321762 10.1652935 3086 384
54.3322498 10.1654332 3227 408
54.3323712 10.1656556 3377 421
54.3324720 10.1658307 3453 429
54.3326148 10.1660630 3531 436
54.3329505 10.1664614 3604 421
54.3332802 10.1666805 3588 405
54.3337055 10.1667446 3528 376
54.3372425 10.1662375 3272 252
54.3386689 10.1662704 3244 239
54.3369701 10.1591751 2393 66 
54.3367066 10.1589398 2332 60 
54.3364505 10.1587031 2280 55 
54.3358988 10.1581765 2150 45 
54.3357438 10.1579708 2106 43 
54.3355699 10.1576954 2053 40 
54.3354357 10.1574984 2014 39 
54.3353387 10.1573748 1987 38 
54.3351292 10.1570919 1930 38 
54.3350451 10.1569767 1911 37 
54.3349788 10.1568828 1890 37 
54.3348798 10.1567411 1860 38 
54.3347112 10.1565112 1813 37 
54.3345658 10.1563233 1778 39 
54.3343954 10.1560889 1728 40 
54.3342444 10.1558831 1683 42 
54.3340133 10.1556064 1627 46 
54.3338279 10.1553770 1578 48 
54.3336410 10.1551496 1533 52 
54.3333551 10.1547886 1462 57 
54.3331737 10.1546597 1421 62 
54.3328334 10.1545260 1351 70 
54.3327222 10.1544877 1331 73 
54.3326341 10.1544554 1308 76 
54.3325686 10.1544305 1297 76 
54.3324839 10.1543907 1276 81 
54.3323803 10.1543274 1259 82 
54.3322361 10.1542227 1229 87 
54.3320678 10.1540339 1198 91 
54.3319004 10.1537660 1155 97 
54.3316924 10.1535278 1117 103
54.3313365 10.1530911 1053 115
54.3297344 10.1509806 813 162 
54.3293888 10.1507496 764 174 
54.3289922 10.1506070 713 186 
54.3285857 10.1505716 660 201 
54.3275990 10.1507930 532 235 
54.3270294 10.1508485 462 256 
54.3267730 10.1509819 427 266 
54.3263323 10.1515637 356 288 
54.3262648 10.1519872 337 293 
54.3263414 10.1524698 331 296 
54.3265251 10.1528884 335 295 
54.3276684 10.1548454 394 282 
54.3279580 10.1553250 412 279 
54.3281450 10.1556514 426 276 
54.3291451 10.1573599 518 255 
54.3293951 10.1578003 552 249 
54.3297898 10.1585019 612 238 
54.3300397 10.1589457 657 229 
54.3303937 10.1595733 736 214 
54.3304146 10.1596101 745 213 
54.3306982 10.1601093 824 200 
54.3307910 10.1602740 856 194
54.3309364 10.1605351 909 185 
54.3311098 10.1608394 980 175 
54.3312728 10.1611239 1056 165
54.3314006 10.1613481 1124 155
54.3315471 10.1616049 1221 144
54.3316958 10.1618677 1307 133
54.3319805 10.1623721 1568 121
54.3321262 10.1626268 1711 114
54.3322653 10.1628647 1862 113
54.3323577 10.1630240 1955 116
54.3324212 10.1631317 2008 118
54.3324637 10.1632037 2083 122
54.3325479 10.1633489 2171 126
54.3326236 10.1634794 2269 135
54.3326958 10.1636016 2341 138
54.3328433 10.1638552 2494 153
54.3330021 10.1641324 2649 176
54.3331262 10.1643483 2747 190
54.3332414 10.1645001 2828 204
54.3333511 10.1646136 2872 208
54.3334031 10.1646585 2899 210
54.3334832 10.1647199 2925 215
54.3335929 10.1647926 2953 218
54.3337780 10.1648985 3008 229
54.3339034 10.1649559 3026 229
54.3340558 10.1650079 3027 226
54.3341657 10.1650312 3045 226
54.3343114 10.1650325 3045 220
54.3384353 10.1595713 2578 91 
54.3378298 10.1595983 2536 87
54.3356061 10.1607193 2406 79 
54.3353169 10.1609210 2389 79
54.3349301 10.1610945 2345 77
54.3348196 10.1611326 2332 77
54.3346744 10.1611796 2311 75
54.3345238 10.1612148 2288 72
54.3343708 10.1612185 2253 71
54.3342231 10.1611961 2220 70
54.3340509 10.1612146 2176 69
54.3338511 10.1612898 2133 67
54.3337103 10.1613680 2106 68
54.3335121 10.1614923 2069 69
54.3331019 10.1617034 1953 75
54.3329724 10.1617500 1914 74
54.3329451 10.1617571 1902 74
54.3328556 10.1617801 1869 81
54.3326794 10.1618448 1803 85
54.3325111 10.1619243 1740 90
54.3323354 10.1620170 1652 94
54.3323056 10.1620328 1643 94
54.3321857 10.1620948 1580 106
54.3320647 10.1621488 1530 109
54.3316981 10.1621993 1301 147
54.3315557 10.1621481 1208 157
54.3311847 10.1617441 968 193
54.3311257 10.1616465 932 196
54.3310654 10.1615500 900 203
54.3309459 10.1613466 848 210
54.3308339 10.1611283 800 215
54.3306722 10.1609215 745 225
54.3305126 10.1608673 677 239
54.3303921 10.1608661 630 254
54.3302441 10.1608955 566 268
54.3301432 10.1609283 520 283
54.3299524 10.1609786 456 300
54.3298317 10.1609750 404 311
54.3297264 10.1609320 368 321
54.3296564 10.1608821 353 326
54.3295945 10.1608245 340 328
54.3295379 10.1607581 330 330
54.3294646 10.1606455 321 331
54.3294326 10.1605850 319 330
54.3294034 10.1605220 317 331
54.3278710 10.1572933 272 332
54.3273194 10.1566518 230 334
54.3270191 10.1571498 153 360
54.3270414 10.1579640 89 380
54.3271621 10.1583433 74 386
54.3291791 10.1612650 151 387
54.3294054 10.1615723 171 386
54.3296367 10.1618835 196 385
54.3304679 10.1629811 364 375
54.3307617 10.1633640 480 370
54.3310561 10.1637426 670 360
54.3311401 10.1638510 742 355
54.3312351 10.1639708 835 353
54.3313311 10.1640888 977 338
54.3314164 10.1641928 1115 343
54.3315022 10.1642951 1263 333
54.3315454 10.1643461 1385 322
54.3316097 10.1644226 1507 325
54.3316311 10.1644483 1566 325
54.3316739 10.1644996 1675 321
54.3317166 10.1645508 1782 313
54.3317917 10.1646398 1915 313
54.3318282 10.1646826 2060 320
54.3318886 10.1647536 2211 322
54.3319531 10.1648295 2386 323
54.3320171 10.1649061 2520 325
54.3322532 10.1651810 2730 337
54.3322966 10.1652296 2940 348
54.3323841 10.1653253 3020 350
54.3324927 10.1654456 3120 360
54.3325581 10.1655176 3177 358
54.3335566 10.1666541 3543 390
54.3355744 10.1655183 3183 244
54.3357136 10.1650923 3111 222
54.3357364 10.1649318 3078 216 
54.3357428 10.1647265 3042 204
54.3357239 10.1645281 3004 195
54.3351628 10.1633110 2754 146
54.3351099 10.1632176 2726 143
54.3350369 10.1630994 2699 137
54.3349416 10.1629580 2656 128
54.3348311 10.1627958 2613 122
54.3346739 10.1625680 2547 111
54.3344748 10.1622826 2463 104
54.3342739 10.1619960 2368 87
54.3339994 10.1616166 2237 79
54.3338659 10.1614371 2167 74
54.3337204 10.1612485 2099 70
54.3335726 10.1610631 2021 69
54.3334451 10.1609050 1952 65
54.3333174 10.1607471 1890 64
54.3332107 10.1606163 1836 63
54.3331249 10.1605123 1792 63
54.3330131 10.1603760 1753 65
54.3329096 10.1602498 1702 69
54.3328449 10.1601713 1660 70
54.3327586 10.1600666 1618 71
54.3324774 10.1597268 1496 78
54.3323839 10.1596154 1460 83
54.3322164 10.1594191 1382 89
54.3321076 10.1592938 1344 93
54.3319662 10.1591320 1283 100
54.3319119 10.1590700 1262 103
54.3317824 10.1589191 1215 108
54.3316959 10.1588195 1186 112
54.3310651 10.1581003 981 148
54.3309016 10.1579143 932 155
54.3308471 10.1578521 919 158
54.3306516 10.1576273 870 166
54.3304302 10.1573731 818 180
54.3303266 10.1572538 795 183
54.3302397 10.1571548 776 188
54.3301529 10.1570568 758 190
54.3300219 10.1569121 732 196
54.3299564 10.1568403 716 199
54.3298907 10.1567683 705 201
54.3309321 10.1563943 962 142
54.3310646 10.1565443 990 136
54.3311532 10.1566440 1014 131
54.3311997 10.1566961 1030 129
54.3312419 10.1567433 1038 128
54.3313084 10.1568171 1057 125
54.3317539 10.1573183 1173 108
54.3318682 10.1574475 1208 102
54.3319849 10.1575780 1245 96
54.3321986 10.1578150 1314 89
54.3323666 10.1580013 1368 82
54.3324327 10.1580750 1391 79
54.3325321 10.1581850 1419 77
54.3326092 10.1582708 1447 74
54.3327082 10.1583813 1486 72